500
-476 219 39 68
-306 -167 -142 -76
-279 156 -362 -350
380 -141 179 45
287 -182 23 73
-299 -134 240 106
368 -202 49 118
-333 126 -136 -101
-412 224 213 207
321 -42 54 -217
-281 -260 92 62
278 195 -254 150
74 -104 222 14
177 -285 -208 92
-114 38 -201 -364
177 141 201 99
223 88 138 123
86 230 -112 229
235 21 173 168
170 38 232 26
220 -97 10 -70
-101 33 -23 21
54 241 -171 4
-131 -358 -93 132
-22 31 -210 -51
403 172 -282 68
-251 85 20 108
472 150 80 37
329 162 49 -82
-186 27 21 154
46 249 98 21
122 -291 129 -375
-404 152 -136 13
-115 -444 -232 -20
135 -159 61 -355
7 71 -321 52
341 120 -144 -102
252 227 -224 26
95 3 -86 -84
139 206 -84 -220
224 176 -6 -179
482 120 216 -328
354 193 -39 -162
-29 36 67 -122
410 19 83 158
-184 -12 -215 137
239 220 170 229
133 36 -96 217
332 -342 -144 -321
248 212 169 -290
84 73 115 202
72 35 0 246
98 50 -108 148
51 72 117 69
-308 -250 -270 44
450 125 -130 -55
256 -43 20 78
34 103 225 228
223 -182 -236 25
99 79 23 227
-21 -93 139 40
-19 115 -9 233
148 24 -369 60
496 -2 -259 -394
453 227 6 68
244 23 48 123
-169 -240 -174 171
468 -299 -221 -31
293 70 79 2
26 17 -107 -133
188 -110 133 -287
460 239 -160 -95
289 -195 -183 4
92 104 -380 77
3 141 59 42
-75 11 230 8
-349 167 -112 -135
304 178 -36 88
39 3 242 -199
219 37 -136 190
198 -17 196 80
118 -23 -296 110
180 186 32 87
-236 19 21 116
370 48 146 143
33 -191 -16 66
-29 221 51 191
15 -230 196 127
137 -148 84 -62
6 -256 35 56
0 -286 -256 -328
475 164 -26 124
63 0 -59 89
112 77 128 137
326 137 -142 93
281 132 209 153
51 -254 -186 94
171 65 -23 15
-33 241 102 133
-98 -319 -40 144
323 74 -244 138
-246 19 94 155
-391 212 24 171
33 147 -43 107
440 80 227 -154
282 14 241 96
16 147 63 -31
-38 -212 14 47
322 174 46 27
-86 227 35 120
381 131 -360 75
-228 121 73 32
12 167 -95 170
104 11 -399 -122
273 -105 52 198
72 72 -344 94
366 -121 193 122
-227 130 -19 82
168 -196 58 92
188 8 -150 84
317 112 87 -109
-80 157 145 143
29 24 -37 223
471 182 189 186
-287 107 -167 -25
-339 94 117 154
178 -342 -285 212
160 248 -117 96
268 -61 -148 112
273 232 229 -128
170 -81 -330 169
36 -98 -56 -407
96 188 19 16
174 -256 26 -343
261 53 -33 -258
310 82 -44 98
152 33 212 103
476 114 31 156
126 -146 -199 217
84 -107 -214 -57
189 -331 34 -151
451 -309 134 -157
73 -308 188 15
-318 -239 -345 -230
321 -11 -277 14
157 9 165 -19
237 43 19 216
-156 128 -275 -303
248 -155 118 -108
-127 -333 129 79
216 -49 -242 160
-135 0 220 -214
-258 182 -149 -77
-240 69 163 171
358 -139 190 180
152 -93 -20 -205
457 -276 160 -97
133 -339 23 70
352 21 54 165
162 225 -130 -95
-208 -158 -300 27
237 -327 5 79
13 222 -202 -48
-39 -410 -336 6
-229 57 243 31
184 105 -86 246
220 129 -463 124
-386 39 -305 227
174 -327 -85 -128
-99 -178 -413 40
204 -313 -204 -20
433 -15 186 126
-91 -279 168 -140
164 79 34 -361
343 67 -25 30
61 -342 240 3
439 20 -411 92
59 -299 198 244
101 9 -152 -281
175 111 -362 216
119 43 -94 -437
392 238 2 49
422 197 11 26
47 147 152 23
268 -48 -215 160
105 209 163 -200
301 -69 -74 93
193 -162 -333 185
-103 73 -41 -19
296 -341 221 2
180 157 2 -257
-146 125 -296 22
-301 -10 166 130
282 232 -376 -444
115 66 171 123
82 136 -196 95
385 78 242 135
3 -39 -60 -78
135 190 236 149
363 133 -344 28
-136 75 -375 174
5 131 196 227
-75 167 -234 52
-212 106 -229 29
143 63 208 137
96 222 -9 -95
194 -345 -302 50
159 -348 22 234
92 -105 166 235
452 -140 184 246
185 -294 -238 208
294 -177 12 -14
126 -391 57 60
217 87 -423 108
400 122 67 125
445 67 51 52
212 -372 181 37
163 194 2 158
376 -342 -367 173
462 -226 158 143
131 -233 210 119
304 -117 245 107
208 -92 91 -276
241 -291 6 61
308 159 175 17
360 -226 128 0
161 -293 160 19
15 5 39 242
289 -239 206 61
-20 -102 28 72
494 231 216 135
222 214 -29 135
-2 241 66 112
447 -210 19 -212
54 193 -109 121
-386 24 173 -359
-138 18 -88 44
-16 -117 -193 -149
304 235 242 220
429 -167 192 -427
167 221 133 200
378 -177 208 -127
291 107 225 34
262 -130 -74 -198
484 -254 -232 44
57 -388 -11 134
122 -12 -394 195
80 24 -38 124
-194 22 -244 145
78 41 31 125
-157 -69 -242 -63
246 -189 -70 -188
104 -431 -529 -167
-17 56 181 77
142 -291 -53 -17
142 59 -149 77
-607 -20 -69 -62
-191 45 -256 201
-266 68 -99 -390
-204 193 146 111
-209 88 158 -287
79 -538 -54 82
117 -92 -132 -107
-269 5 247 160
-227 35 -603 -59
233 96 -339 -149
-509 -236 -218 -24
41 184 -20 -116
-429 -123 82 -223
-604 172 189 248
-56 -31 -163 -361
150 -5 -206 2
54 -531 -114 -23
184 -228 17 -97
-53 -181 -664 199
185 -133 -465 -11
-363 -272 -109 185
-165 -167 -103 183
-213 -21 -222 -321
38 -86 -225 -28
-207 -484 -126 -39
164 -202 242 -319
-292 -204 -572 147
-185 80 55 139
-194 -249 -386 -370
139 -84 -158 -204
92 -108 -58 -550
-98 54 142 -719
-143 111 -57 19
78 -196 78 6
-108 224 -313 -37
173 -19 -438 -42
191 -236 184 60
-247 -120 -319 116
-204 -61 -178 -35
-288 244 -1 -295
-122 -514 231 207
-414 -8 240 -141
25 95 200 131
-167 -282 -51 -58
42 69 -412 -363
-126 -256 -152 -96
218 -435 -106 -652
-34 -590 -156 13
-485 -150 59 59
-44 -20 -65 100
-450 55 -546 -213
13 -102 20 22
171 -252 -228 -225
104 -565 42 -649
-536 -268 -172 -208
-24 -224 46 -261
-110 243 -125 -437
-154 -463 50 -452
-173 211 10 -109
-150 -230 101 -146
79 -143 153 -371
11 -249 -349 -131
-184 -215 -88 -96
-39 48 -83 -136
-433 -311 207 -359
-46 161 -308 -480
-712 -234 -211 201
-302 -238 -247 -383
-241 -21 -396 -67
10 -196 -100 -363
-191 45 -31 235
-267 -268 79 63
-272 -55 -147 -389
93 -54 138 241
-158 -212 -73 -104
-146 69 -128 -97
-216 -241 146 166
-40 32 30 -136
57 -145 -176 162
-179 24 172 -618
-138 -67 -6 -298
-87 -11 -206 -208
130 -82 -220 -471
-74 111 -177 -111
-59 -420 -14 32
86 206 -344 71
245 -549 -269 -248
-72 -700 -82 -153
-440 -72 44 -32
4 64 -6 176
-55 -193 -267 160
-328 -366 -310 46
75 132 -399 242
173 184 137 83
32 -17 -286 -40
-3 -60 -39 -582
-442 84 59 -161
-170 -411 -91 -118
-179 -171 55 -116
-142 50 155 167
-61 -73 -287 -425
-401 -191 -58 164
-107 110 -48 108
-8 -122 -307 -8
176 75 -135 -132
-480 -475 -513 -381
-227 -27 11 -245
-121 20 -20 -149
-190 240 -75 -179
211 -46 -186 -148
-170 37 -83 -644
-169 227 -148 -211
92 45 52 -78
-572 -32 -143 161
202 -38 189 129
-63 -92 -41 26
-347 -115 -586 94
-8 117 147 -609
-186 -230 -164 141
53 -39 -22 -49
-90 -142 -109 29
149 -643 175 -293
193 128 -66 -172
202 52 223 -593
-149 238 -58 103
-126 -39 191 106
-300 -262 6 192
-646 126 -185 -648
185 -18 -238 -262
-397 39 172 -54
169 -98 -552 -186
-185 123 -114 54
-509 -509 -356 221
242 -13 144 171
-8 -245 -82 185
-247 -141 -367 -492
44 170 33 -183
-43 -238 63 -38
26 -178 81 -80
-113 -67 210 -409
-165 157 -550 -149
-141 -279 -33 236
-187 248 -64 -73
-432 87 -12 -28
-133 87 -213 -126
-14 -316 -106 -596
-270 163 -147 -549
236 -78 -183 125
173 190 -41 -45
-126 203 -119 -304
-450 -82 -467 -311
175 -390 -381 -326
-41 114 -552 -336
-237 29 114 -596
204 -164 -341 -85
-250 100 -81 249
61 -392 19 122
18 227 -119 -141
-71 -51 -215 131
176 -146 -79 15
4 -67 -217 -349
-162 -181 -78 -317
16 -600 221 -43
-154 -528 -29 -51
36 -231 -228 -232
24 -585 -297 59
115 -502 -195 -611
-5 122 -134 58
-192 -14 -274 184
89 -187 -178 -286
100 -296 54 69
32 -192 -234 -79
-608 94 137 -286
-24 -182 39 45
-96 -456 -228 -153
-578 92 -327 56
120 -103 -178 -627
-429 -303 -149 -73
-82 -189 40 -341
-247 -174 21 -112
-42 20 -325 -13
155 -112 -129 -55
-92 -504 -97 31
-42 -279 207 -436
-96 -222 -177 -74
-24 -40 -191 198
-235 150 17 -405
-42 72 -5 -264
-23 -99 -342 -104
112 -29 -200 -67
-14 -99 -150 57
-109 -161 -93 -115
229 -374 -150 -63
-258 203 -177 3
-267 -1 -378 -64
136 55 -643 -62
-265 189 -487 -171
-160 -431 -99 30
-121 -133 132 -387
109 -413 -305 -461
-105 -437 -117 -155
-8 -171 -265 -347
158 242 -456 -139
-104 -353 -172 -341
-144 25 -135 -61
-391 106 -541 -670
113 190 212 -209
241 -341 -196 -553
-261 80 -91 -198
-713 -9 -186 71
134 6 -100 -220
-185 -263 -275 -39
-337 -370 -366 -578
-154 -307 161 -630
-215 -193 -388 -125
193 219 -34 123
-100 152 -458 -493
-368 -546 155 -60
12 155 -68 -334
31 172 -101 187
-50 149 -309 -135
118 -192 -79 92
-34 -52 125 -435
-4 -518 -75 152
-163 -194 229 -181
-361 -22 -6 -201
-57 133 5 -371
133 -119 -149 -24
-62 -144 -262 18
-54 88 -223 -207
-152 -91 -168 -37
-14 -268 -488 -689
137 40 -467 -278
104 -557 179 -27
225 39 32 -190
72 -360 110 -232
-232 204 -34 122
16 -45 -540 -9
-256 -224 -192 -153
31 -16 -94 -196
-161 -183 -110 16
-130 222 -478 108
-29 -422 225 -340
-19 -237 -271 27
