581
921
182
560
330
108
541
388
350
351
484
987
579
681
875
727
934
393
684
964
836
477
  1
919
101
404
291
177
575
917
156
508
190
691
 68
520
799
961
261
150
313
745
489
244
426
364
971
360
758
  7
324
594
837
677
865
938
 82
115
  9
777
272
517
320
963
937
840
114
899
453
616
212
198
106
456
976
470
779
336
228
787
 12
174
 42
392
914
124
900
382
485
678
  6
  2
998
321
939
435
838
996
 52
402
546
158
858
523
980
638
211
209
576
735
753
618
127
 19
 94
380
401
410
407
760
728
872
950
516
 63
298
568
465
845
 78
676
720
 58
666
931
619
443
507
355
548
834
567
571
214
969
624
 83
384
809
308
687
325
371
337
245
188
323
864
902
733
882
186
353
 45
708
225
894
793
109
597
 85
194
680
822
340
861
711
925
252
600
468
334
173
 28
219
747
254
641
399
540
102
411
522
714
767
862
447
574
125
725
178
210
646
 11
997
723
 50
378
294
797
984
791
281
770
785
363
292
499
130
155
930
 81
552
259
905
312
 48
255
 36
 98
633
248
617
 71
391
352
636
304
122
774
415
273
570
700
432
651
604
439
262
718
475
167
383
422
771
974
 24
524
965
876
953
766
906
688
 53
338
129
 79
956
472
462
832
895
585
654
732
 31
563
 49
759
440
496
143
730
949
488
848
992
497
329
945
928
285
769
743
469
 16
328
627
671
367
702
813
763
309
218
913
479
428
768
772
717
545
886
640
855
335
526
 46
807
922
 55
264
119
968
 40
311
295
784
912
203
322
857
643
192
584
331
591
164
303
750
909
701
966
933
709
542
233
988
528
493
448
260
506
139
804
442
823
395
606
478
515
179
521
145
664
765
207
206
792
915
430
672
683
287
437
365
783
871
275
854
665
601
271
 99
755
620
253
 88
812
843
111
276
347
911
135
800
994
424
947
 93
 54
 65
238
307
 75
224
232
572
898
161
 37
543
296
958
936
449
873
375
788
682
342
 56
 41
889
593
634
116
377
825
  4
721
653
 76
657
757
327
385
314
467
754
249
223
642
221
112
396
 57
707
257
527
780
910
955
713
376
166
149
608
152
829
789
 26
172
828
926
536
183
316
445
480
500
877
 10
128
973
154
850
 15
187
929
817
690
284
134
136
592
297
884
798
655
808
995
514
229
387
431
815
502
505
403
993
932
710
 89
859
366
103
775
175
357
835
495
405
 72
310
168
927
266
734
452
893
816
622
991
530
935
918
782
278
802
269
613
944
824
749
 74
982
344
612
957
847
 14
 25
959
202
892
549
519
 86
279
752
833
668
716
483
830
343
675
790
345
533
369
243
762
645
414
 18
518
852
390
235
 70
555
461
400
582
251
 97
140
301
157
494
849
491
379
434
397
803
776
193
326
433
881
283
587
372
222
160
975
578
151
967
761
436
348
 59
746
242
 38
553
429
631
756
561
201
482
729
569
332
 95
689
826
286
220
948
705
215
537
941
185
471
550
615
794
916
 90
 84
290
630
441
647
454
652
438
123
565
417
566
556
 80
773
305
 64
532
 47
105
509
904
412
346
247
663
628
954
289
299
806
908
473
463
513
811
573
588
883
217
120
564
368
583
726
694
394
656
539
658
751
 32
 62
267
460
662
 44
595
277
169
170
632
274
180
814
504
 22
978
503
227
614
599
979
121
246
698
450
444
474
421
977
  0
 17
896
990
398
737
621
704
 33
374
920
744
137
781
611
531
699
853
318
696
863
841
349
924
667
413
370
389
821
786
423
487
510
464
512
547
446
970
195
695
408
358
693
110
197
989
476
844
903
 21
603
827
778
878
226
  5
288
960
559
 66
648
685
280
538
715
373
907
270
354
362
425
486
874
333
131
319
 92
163
 23
525
302
189
856
 27
748
891
239
669
972
637
268
184
282
623
596
942
999
162
692
315
839
985
686
455
629
 60
361
801
851
420
409
962
230
104
386
213
341
649
293
 69
356
457
551
888
577
146
869
890
706
265
557
880
113
416
644
796
983
846
739
951
451
199
381
205
144
580
602
263
107
241
742
639
511
868
842
554
231
200
741
831
534
148
250
660
697
  8
738
406
240
 20
132
 35
339
501
481
598
820
153
133
256
635
722
901
142
940
100
674
986
661
558
418
176
 96
607
897
427
885
670
216
258
659
673
679
 34
159
317
625
492
359
805
870
818
118
562
 87
204
181
795
879
196
 29
 91
529
141
490
764
731
952
981
 30
165
887
626
 43
126
609
306
 51
171
923
544
590
191
117
589
147
208
138
 67
719
724
736
740
586
605
866
 39
419
610
867
300
703
650
459
458
 77
819
 13
946
  3
234
943
498
 73
535
712
237
860
810
466
 61
236
